# Bundle file v0.3
49 2038
5375.20507813 0 0
0.568996861641 0.819529840171 -0.067943121241
0.802152874699 -0.571324812501 -0.173600260173
-0.181088171971 0.0442767739869 -0.982470444051
0.596651446359 -0.319673338946 -14.9346823398
5175.84375 0 0
0.636505052135 0.77106327598 -0.0180974899235
0.766419137081 -0.634951744442 -0.0971318818981
-0.086386027385 0.0479543600763 -0.995107495696
0.358498758965 -0.626795690448 -14.034062354
5433.46044922 0 0
0.563909013025 0.822455675356 -0.0746612261228
0.804025570411 -0.567408042183 -0.177740760089
-0.1885467197 0.0401998897936 -0.981241212423
0.624332644426 -0.301660790923 -15.1312496654
5646.77880859 0 0
0.573712394901 0.816392251493 -0.0660217282457
0.800252919258 -0.575890634663 -0.167167022322
-0.174495021042 0.0430715274226 -0.983716860768
0.585602397472 -0.345391575301 -15.8498708508
5223.12451172 0 0
0.578528969756 0.813305256604 -0.0619899640007
0.797930035867 -0.580074787558 -0.163768530209
-0.169151692505 0.0452802770187 -0.984549419142
0.567181879274 -0.360158734711 -14.380665465
5130.78564453 0 0
0.610652152922 0.790930349793 -0.0392276735281
0.782099109962 -0.610121986899 -0.126770474487
-0.124200045452 0.0467321712289 -0.991157070827
0.457842751306 -0.509418068645 -13.9579943905
5224.85205078 0 0
0.614869750351 0.787836781555 -0.0353628335802
0.779822006307 -0.614073423134 -0.12159993456
-0.117516633049 0.0471916180123 -0.99194948751
0.440325189242 -0.529779770657 -14.2641992495
5087.39550781 0 0
0.623738915234 0.781124220447 -0.0282246783535
0.774490215556 -0.622505922816 -0.112470347146
-0.105423257328 0.0482921535117 -0.99325411089
0.406570397516 -0.566335369461 -13.7653752905
5122.41162109 0 0
0.627892001401 0.777889848109 -0.0253602099465
0.771981682866 -0.626605842958 -0.106817165509
-0.0989828887207 0.0474918473995 -0.993957237865
0.392387093303 -0.588724931056 -13.8735229599
6041.80273438 0 0
0.559275606709 0.825505898248 -0.0758403826835
0.806145815166 -0.562914088938 -0.182366023296
-0.193235594081 0.0408541544984 -0.980302027628
0.632402290247 -0.282368755587 -17.2579108391
5436.12255859 0 0
0.592412839248 0.803928414835 -0.0524278036115
0.79174162827 -0.592996050645 -0.146638646808
-0.148976280248 0.0453611014898 -0.987801691313
0.521129723403 -0.429036018076 -15.061512648
5404.04296875 0 0
0.587783366999 0.807069838051 -0.0561517956807
0.793834983944 -0.588743930777 -0.152334633338
-0.156003685116 0.0449638554286 -0.9867329931
0.538483669562 -0.406004175481 -14.9657577989
6696.98828125 0 0
0.551446569909 0.830022490947 -0.0834866497797
0.809703755978 -0.556639059613 -0.185830831186
-0.200715541111 0.0348764213906 -0.979029086811
0.664793506195 -0.264940322839 -19.5341272286
6009.29345703 0 0
0.554525037098 0.828230035077 -0.0808604046541
0.807860285612 -0.559093863694 -0.186487059389
-0.199661926177 0.0380876042395 -0.979125028892
0.653691391768 -0.264597935839 -17.1501657342
5388.42675781 0 0
0.583224082377 0.810107196276 -0.0597906313891
0.795902325698 -0.584613364171 -0.157374794339
-0.16244503007 0.0441970783779 -0.985727085669
0.555081407704 -0.385598811413 -14.9269279266
5192.37548828 0 0
0.605928243169 0.794413494182 -0.041960989216
0.784737579861 -0.605537798036 -0.132323595162
-0.130528769275 0.0472501335803 -0.990318636759
0.471599385912 -0.48691617088 -14.1822120917
5147.72900391 0 0
0.619175710605 0.784609522493 -0.0317866140547
0.77728612643 -0.618142963259 -0.117161536845
-0.111574630523 0.0478359916252 -0.992604875345
0.423448588296 -0.547728252546 -13.9971374823
5159.57763672 0 0
0.597010153723 0.800726275532 -0.0491795977304
0.78929146675 -0.597240663946 -0.142555478176
-0.143519861731 0.0462895836626 -0.988564304789
0.505450163284 -0.445994348906 -14.1012458597
5212.35595703 0 0
0.601609413664 0.797501306742 -0.0454082558255
0.787003327878 -0.601501658006 -0.137190372116
-0.136722638606 0.0467985675931 -0.989505210332
0.488141920157 -0.467418906841 -14.265462632
5093.45361328 0 0
0.632154393873 0.774547170153 -0.0214274054723
0.769306566385 -0.630696899667 -0.10191934837
-0.0924559131661 0.0479446214428 -0.994562743534
0.374698902769 -0.608043410777 -13.7692795113
5164.47460938 0 0
0.64070757442 0.767650979375 -0.0143840697596
0.763591546714 -0.639051630862 -0.0924086515753
-0.0801295615709 0.0482234260491 -0.995617788886
0.341245044532 -0.645117154393 -13.9811976496
5193.50439453 0 0
0.644760796373 0.764304747733 -0.0111120461044
0.760809081365 -0.643080475564 -0.0872787158628
-0.0738529180889 0.0478191275404 -0.996122746529
0.325423840496 -0.665505753677 -14.0592162453
5286.13574219 0 0
0.652804603334 0.75751742176 -0.00411422188797
0.754995435292 -0.651056230459 -0.0781448745914
-0.0618745071759 0.0479066399643 -0.996933678007
0.292851924171 -0.701280120584 -14.3546345276
5421.99121094 0 0
0.660812273983 0.750543642573 0.00346910353848
0.748957870495 -0.659101344505 -0.0681749923964
-0.0488817962089 0.0476489878382 -0.997668205958
0.257744980594 -0.739705382243 -14.7881939791
5360.234375 0 0
0.656706656118 0.754147826327 -1.38777878078e-017
0.752140881847 -0.654959116241 -0.0728894825691
-0.0549695886093 0.0478665985364 -0.997340984306
0.274213742562 -0.721448545635 -14.5936526587
5407.25585938 0 0
0.668712413152 0.743449485002 0.0102597791781
0.742604875673 -0.667141506385 -0.0588211686702
-0.0368853533829 0.0469531113284 -0.998216311878
0.225575179104 -0.775784104914 -14.7119931979
5364.43408203 0 0
0.664674673476 0.747106624287 0.00628529749395
0.745833737671 -0.662999220271 -0.0645297162916
-0.0440430554287 0.0475786928009 -0.997896384763
0.243649769923 -0.754300244812 -14.5770013984
5856.77441406 0 0
0.6724292919 0.740011198751 0.0149604848864
0.739570947302 -0.670946906208 -0.0535279549338
-0.0295731702797 0.0470575869552 -0.998454297704
0.20506651755 -0.795601840903 -16.2059402019
5350.35253906 0 0
0.676216088722 0.736508066782 0.0170004347352
0.736257491915 -0.674823041474 -0.050388766682
-0.0256392618556 0.0465900086264 -0.998585165939
0.193764306293 -0.808326035534 -14.4971240988
5434.01416016 0 0
0.68023805945 0.732659986206 0.022049597163
0.732761397954 -0.678962428813 -0.0454992651591
-0.0183648515999 0.0471075025821 -0.998721715821
0.171698487808 -0.826760547063 -14.7707280328
5322.27539063 0 0
0.64882449823 0.760900566963 -0.00765788922543
0.757936627199 -0.647124870177 -0.0822311696433
-0.0675250908815 0.0475489297111 -0.996583793709
0.309384493356 -0.685349759352 -14.4919855482
5479.20800781 0 0
0.687656378582 0.725450178073 0.0291474561046
0.726009968222 -0.686737144153 -0.0360766824849
-0.00615526014648 0.0459698150925 -0.998924249788
0.139284766072 -0.862387834379 -14.8978059852
5665.81347656 0 0
0.691193053603 0.721934681043 0.0326100699009
0.722670069561 -0.69048639832 -0.0312308776509
-2.95966819296e-005 0.0451524537419 -0.998979998522
0.123602324288 -0.880719200004 -15.5073065268
5555.82275391 0 0
0.683723944802 0.729305807727 0.0252150858361
0.729632959231 -0.682617875358 -0.0408527858806
-0.0125819424517 0.046329660097 -0.998847857588
0.156851397346 -0.844317431252 -15.1617583022
5713.8203125 0 0
0.694734197437 0.718340229014 0.0365050093963
0.719243551347 -0.694218972067 -0.0273350512546
0.00570677457507 0.0452464083722 -0.99895908517
0.105741121404 -0.895464583343 -15.6595131035
5672.921875 0 0
0.6983716541 0.71458561512 0.0405570274137
0.715638003987 -0.698088664463 -0.0231046324199
0.011802072533 0.0451598675916 -0.998910459447
0.087683715554 -0.91152434397 -15.5145236564
5974.74414063 0 0
0.705440036262 0.707191289456 0.047279369011
0.70835729104 -0.705733552172 -0.0130121496032
0.0241643184608 0.0426701135742 -0.998797354214
0.0561935585468 -0.948830611517 -16.4970551428
5806.89941406 0 0
0.701801620471 0.710993009799 0.0443038909941
0.712134915754 -0.701812710443 -0.0179139753403
0.0183559450087 0.0441229861973 -0.998857907066
0.0709684298394 -0.93058129758 -15.9454683562
5966.71289063 0 0
0.708941345447 0.703360587437 0.0518243388107
0.704606219609 -0.709543413969 -0.00886642322088
0.0305354122282 0.0428014905203 -0.998617163269
0.0364313123894 -0.964113819855 -16.4547801504
6282.55371094 0 0
0.712334324652 0.699697083726 0.0548076621103
0.700903314911 -0.713245086625 -0.00404851570268
0.0362586019602 0.0412984714902 -0.998488586006
0.0219424952636 -0.98178500077 -17.4859631709
6693.42724609 0 0
0.715726307747 0.695981618802 0.0578396700663
0.697061293666 -0.717007869153 0.00205865979257
0.0429041766293 0.0388444487602 -0.998323656693
0.00707501650756 -1.00376232662 -18.8419203842
6267.34326172 0 0
0.718880031327 0.692236255963 0.0634098792447
0.693484001365 -0.720465015021 0.00315652194266
0.0478695771469 0.0417046416954 -0.997982690007
-0.0162336125118 -1.00868377572 -17.4266340679
6642.32324219 0 0
0.722389106398 0.688358609882 0.0657018312348
0.689399969913 -0.724326460908 0.00884737611706
0.0536796116052 0.0389037210333 -0.997800509199
-0.0285237549184 -1.02922493743 -18.6579404463
5525.32568359 0 0
0.728683950312 0.680494465053 0.0771150621267
0.681600617928 -0.731570195701 0.0150214388173
0.0666368563869 0.0416161041586 -0.99690941553
-0.0766833159339 -1.052122653 -14.9383650214
5623.58447266 0 0
0.731599803593 0.67687663078 0.0812399248963
0.677892536127 -0.734926595964 0.018569187454
0.0722745616524 0.0414865981271 -0.996521752605
-0.0949548596089 -1.06488531487 -15.2629849192
5632.81445313 0 0
0.72516938844 0.68459455958 0.0738903506103
0.68581741942 -0.727685584799 0.011313294665
0.061514018314 0.0424711927497 -0.997202213792
-0.0610447844096 -1.03870417241 -15.310629612
5649.56689453 0 0
0.734595921678 0.673018164194 0.0861172093769
0.673906087648 -0.738468245329 0.0226878806689
0.0788641524983 0.0413684499869 -0.99602665055
-0.116469301756 -1.07970236413 -15.3498957295
5778.89697266 0 0
0.737638321499 0.669210120334 0.0897114177439
0.669857043585 -0.741993047496 0.0271641040472
0.084743677203 0.0400565403921 -0.995597837132
-0.133220426821 -1.0957663022 -15.7771711704
7181.93994141 0 0
0.740971992391 0.665459176223 0.0901403426753
0.665439297482 -0.745646170044 0.0346703944149
0.0902843393839 0.0342932959409 -0.995325664147
-0.139318487533 -1.12156993142 -20.3921814602
-0.0465913788799 -0.584057254483 3.26175998427
153 153 153
43 0 14 -40.4076690674 -190.608276367 1 14 -58.1925354004 -198.655181885 2 16 -39.2378387451 -189.563598633 4 14 -42.9694366455 -191.636077881 5 14 -51.2154693604 -195.58001709 6 11 -52.5928955078 -195.925933838 7 16 -54.66065979 -196.455627441 8 16 -56.1609344482 -196.96685791 9 17 -38.1584625244 -188.812896729 10 15 -46.4879302979 -193.18963623 11 13 -45.2922515869 -192.65133667 12 14 -35.9920043945 -187.872314453 13 13 -36.7671203613 -187.785827637 14 14 -44.0450897217 -192.107543945 15 14 -50.1742553711 -195.17175293 17 13 -47.701171875 -193.73840332 16 11 -53.4118804932 -196.061279297 18 13 -48.9239196777 -194.725463867 20 12 -59.516998291 -198.907226563 26 4 -66.4312744141 -199.335723877 23 5 -65.3349456787 -198.971252441 24 9 -64.1933441162 -198.413726807 28 6 -70.0367279053 -200.15512085 29 5 -71.020980835 -200.149139404 30 6 -60.5046081543 -199.154754639 31 5 -72.9172058105 -200.398254395 32 6 -73.9683380127 -200.442169189 33 5 -71.9661407471 -200.286254883 34 6 -75.1170349121 -200.647460938 35 5 -76.3071136475 -201.267944336 36 3 -78.1938781738 -201.014007568 37 4 -77.1789550781 -201.146942139 38 4 -79.2203216553 -200.942230225 39 5 -80.30078125 -200.777618408 40 4 -81.5110473633 -200.725921631 41 4 -82.6649475098 -200.430023193 42 5 -83.8323669434 -200.6769104 43 4 -85.7171173096 -200.225372314 44 3 -86.8531951904 -200.125915527 45 4 -84.7490539551 -200.41015625 46 4 -88.073638916 -199.984741211 47 5 -89.4305267334 -199.855621338 48 5 -90.8911437988 -198.552459717
0.597213272949 -0.0759229082645 3.21560783446
19 19 19
49 0 21 222.755584717 -120.668945313 1 34 213.256072998 -148.831787109 2 22 223.123748779 -118.737854004 3 19 222.193481445 -122.708282471 4 24 221.641418457 -124.582489014 5 31 217.410186768 -137.881103516 6 32 216.710021973 -139.714996338 7 37 215.348175049 -143.237609863 8 35 214.74810791 -144.99621582 9 26 223.699859619 -116.708862305 10 28 219.850250244 -130.295898438 11 27 220.548675537 -128.283081055 12 22 224.293701172 -113.902587891 13 26 224.225036621 -114.685882568 14 26 221.12802124 -126.470855713 15 27 217.863220215 -135.977111816 16 32 215.988800049 -141.486907959 17 28 219.256011963 -132.16607666 18 27 218.773864746 -133.883972168 19 30 213.841094971 -147.231414795 20 34 212.488494873 -150.561187744 21 33 211.879089355 -152.219055176 22 32 210.337371826 -156.168701172 23 31 208.945159912 -159.22265625 24 35 209.800140381 -157.703857422 25 31 207.865478516 -162.328552246 26 33 208.416107178 -160.788238525 30 31 211.496551514 -153.872589111 27 32 207.101470947 -163.802062988 28 31 206.163269043 -166.091949463 29 26 205.220031738 -167.483764648 31 28 204.318054199 -170.630767822 32 32 203.454498291 -172.103057861 33 28 204.704833984 -169.093261719 37 29 201.23135376 -177.172088623 34 32 202.952484131 -173.589874268 35 30 201.692657471 -175.741363525 36 33 200.565155029 -178.75402832 38 33 199.751281738 -180.033111572 39 31 199.122406006 -181.457763672 40 36 197.700561523 -183.479919434 41 39 197.00390625 -184.950622559 42 39 196.337768555 -186.383514404 43 30 192.753479004 -190.472045898 47 43 190.775939941 -194.130828857 45 38 194.33203125 -188.595977783 46 42 192.519317627 -192.276733398 48 41 191.342987061 -194.749603271 44 38 194.243408203 -190.542114258
0.765704419553 -0.235938351136 3.266490398
24 24 24
49 0 31 197.662628174 -44.0678405762 1 35 196.037963867 -67.2692871094 2 26 197.69821167 -42.3436889648 3 27 197.5519104 -45.810760498 4 30 197.578674316 -47.2737731934 5 35 197.141418457 -58.2206115723 6 33 196.870544434 -59.7346191406 7 38 196.531738281 -62.8092956543 8 36 196.445220947 -64.2867736816 9 28 197.674713135 -40.7297363281 10 35 197.489959717 -51.8422241211 11 32 197.485961914 -50.3648681641 12 20 197.544616699 -38.2950744629 13 22 197.59197998 -39.1371765137 14 32 197.571258545 -48.7254638672 15 34 197.077026367 -56.5621337891 17 31 197.422607422 -53.4850769043 16 33 196.783905029 -61.2053833008 18 34 197.226257324 -55.1183166504 19 32 196.440979004 -65.7430419922 20 33 196.015289307 -68.6484375 21 31 195.922027588 -70.1088562012 22 31 195.595581055 -72.9797363281 24 33 195.405029297 -74.384765625 23 32 194.960876465 -75.8959655762 25 32 194.126617432 -79.362487793 26 35 194.918121338 -77.2734375 27 30 194.111480713 -80.6364746094 28 29 193.942047119 -82.0681762695 29 28 193.41809082 -83.380279541 30 32 195.636749268 -71.6821899414 31 30 193.45614624 -86.2730102539 32 30 193.090667725 -87.5774230957 33 30 193.380584717 -84.7977294922 34 28 192.898254395 -88.8931884766 35 32 192.822235107 -90.3813476563 36 31 192.230926514 -92.878112793 37 31 192.4921875 -91.6376037598 38 31 192.171234131 -94.3339538574 39 33 191.692565918 -95.5796203613 40 34 191.392150879 -96.8829345703 41 37 191.215332031 -98.1410217285 42 41 190.351196289 -100.01272583 43 32 191.098937988 -101.758483887 44 40 189.319732666 -103.699035645 45 42 190.135955811 -101.371368408 46 40 188.951080322 -104.942230225 47 45 188.628356934 -106.262145996 48 46 187.87890625 -107.652404785
0.0175054784393 -0.475734574036 3.36107725321
27 27 27
49 0 48 -4.28321838379 -197.178222656 1 42 -18.9311523438 -206.003234863 2 53 -3.35108947754 -196.172729492 3 45 -5.58818054199 -197.484039307 4 53 -6.4592590332 -198.47857666 5 51 -13.0660400391 -203.06439209 6 49 -13.9045715332 -203.598175049 8 45 -17.0610809326 -205.161834717 7 52 -15.9778900146 -204.596160889 9 54 -2.35234069824 -195.318115234 10 51 -9.09013366699 -200.665405273 11 50 -8.07211303711 -199.971862793 12 47 -0.74267578125 -194.581237793 13 46 -1.3005065918 -194.798583984 14 51 -7.09080505371 -199.273101807 15 53 -11.9412078857 -202.633087158 17 49 -10.2690124512 -201.075500488 16 45 -14.9726715088 -204.136627197 18 51 -11.1804046631 -201.737091064 19 40 -17.9003295898 -205.552520752 20 44 -19.7782897949 -206.646484375 22 43 -22.5895843506 -207.923950195 21 43 -20.9246520996 -207.018585205 26 41 -25.3570556641 -208.962738037 23 39 -24.8832092285 -208.426452637 25 41 -26.4008026123 -209.212402344 24 45 -23.6977386475 -208.197021484 27 40 -27.4660644531 -209.427764893 28 39 -28.7252960205 -209.578918457 29 32 -28.9599151611 -209.943206787 30 39 -21.9904785156 -207.3487854 31 40 -30.8358612061 -210.436981201 32 43 -31.928237915 -210.747436523 33 36 -29.90184021 -210.199768066 34 35 -33.2022705078 -210.701629639 35 34 -34.4335174561 -210.633605957 36 36 -35.2627563477 -211.446502686 37 33 -33.9518127441 -211.46862793 38 35 -36.1984405518 -211.331787109 39 36 -37.1003570557 -211.445281982 40 31 -37.3114318848 -211.939697266 41 41 -38.9977416992 -211.359375 42 37 -39.9831695557 -211.445098877 43 39 -41.8731384277 -211.171051025 44 31 -42.8222503662 -211.254516602 45 36 -40.8889312744 -211.49420166 46 33 -43.7861633301 -211.261566162 47 33 -44.7150878906 -211.263763428 48 35 -45.7043609619 -211.178253174
0.882537381512 -0.337602028864 3.21777713904
78 78 78
49 0 47 192.127593994 7.48258972168 1 51 193.28338623 -15.9027099609 2 49 191.692718506 9.00973510742 3 46 192.427124023 6.22204589844 4 51 192.22744751 4.07348632813 5 56 192.990753174 -6.9289855957 6 53 193.168914795 -8.29655456543 7 55 193.18270874 -11.4311523438 8 55 193.287750244 -12.8058013916 9 50 191.825622559 10.8784637451 10 57 192.667755127 -0.514801025391 11 54 192.601715088 1.11575317383 12 44 190.943695068 13.1530303955 13 43 191.335906982 12.1767425537 14 53 192.473144531 2.70625305176 15 57 192.968292236 -5.16040039063 16 50 193.242797852 -9.61094665527 17 53 192.549407959 -2.32681274414 18 56 192.974761963 -3.66807556152 19 50 193.262023926 -14.3935546875 20 49 193.506713867 -17.0112304688 21 53 193.32598877 -18.7479858398 22 54 193.612915039 -21.4742126465 23 51 193.424407959 -24.4397583008 24 55 193.234039307 -23.2407531738 25 54 193.139526367 -27.5729064941 26 52 193.470672607 -25.7567138672 27 49 193.307647705 -28.8527832031 28 49 193.049957275 -30.3184814453 29 44 192.977142334 -31.7290649414 30 54 193.523345947 -20.1729431152 31 51 192.97555542 -34.6536560059 32 51 193.080169678 -36.0674133301 33 47 193.062927246 -33.163848877 34 45 193.147644043 -37.2593688965 35 44 192.950073242 -38.8879089355 36 46 192.837768555 -41.4881286621 37 45 192.970947266 -40.2698364258 38 46 192.635894775 -42.9797058105 39 46 192.613739014 -44.3468322754 40 47 192.524688721 -45.4635925293 41 49 192.207855225 -46.8356933594 42 52 192.060150146 -48.3067321777 43 45 191.901702881 -50.5274658203 44 43 191.705200195 -51.9742126465 45 49 191.899353027 -49.5227966309 46 47 191.29598999 -53.3024291992 47 52 191.155487061 -54.4239807129 48 50 190.844390869 -55.7632751465
0.981381720675 -0.317980814375 3.20464055247
14 14 14
33 0 62 221.708557129 30.3948974609 1 61 224.829345703 5.27238464355 2 67 221.686706543 32.4053497314 4 43 225.102172852 25.0099945068 5 67 223.440155029 15.2297973633 10 58 225.11605835 20.6743164063 11 49 225.251953125 22.0310211182 15 69 223.462921143 16.923324585 19 61 224.659942627 6.74494934082 17 64 223.382781982 20.2012481689 18 66 223.386016846 18.4114532471 22 66 225.008300781 -1.1443939209 25 68 224.863922119 -7.490234375 24 68 224.917419434 -2.83854675293 27 66 225.19631958 -9.17990112305 28 68 225.200897217 -11.0156555176 29 63 224.971557617 -12.5374298096 30 68 225.136444092 0.363159179688 31 72 225.026550293 -15.3675231934 32 72 225.176147461 -17.1211547852 34 67 225.104003906 -18.6651306152 35 68 225.137451172 -20.3508911133 36 66 225.126556396 -23.4541625977 37 70 225.117523193 -21.5903625488 38 67 225.029327393 -24.9686889648 39 66 225.17880249 -26.669708252 41 73 224.889251709 -29.4327697754 42 69 224.975830078 -31.296081543 43 86 223.312316895 -33.3020324707 44 82 223.240203857 -34.8805236816 45 64 224.889312744 -32.8290710449 46 77 223.101470947 -36.9402770996 48 86 222.526153564 -39.2378540039
-0.0281428112705 -0.529113677533 3.29620696473
150 150 150
38 0 85 -24.4825744629 -197.121887207 1 64 -41.427520752 -205.679016113 2 89 -23.8003234863 -195.702880859 4 82 -26.741394043 -198.649017334 5 69 -34.8272857666 -202.56427002 6 66 -35.8944854736 -203.204864502 7 70 -37.9765625 -204.32119751 8 67 -39.2580413818 -204.772369385 9 89 -22.3584594727 -195.375579834 10 81 -30.5405731201 -199.917510986 11 75 -29.5041503906 -199.210296631 12 92 -20.4192657471 -194.800354004 13 94 -20.8695526123 -194.988922119 14 87 -27.8292999268 -199.286224365 15 75 -33.8462982178 -201.910614014 17 71 -31.6399230957 -200.68157959 16 66 -37.1422576904 -203.627655029 18 73 -32.691986084 -201.278533936 19 63 -40.3173370361 -205.179229736 20 62 -42.2616119385 -206.128387451 22 68 -45.6714324951 -207.459503174 21 66 -43.5742950439 -206.63684082 23 61 -47.8867492676 -208.040740967 24 69 -46.6419067383 -207.731201172 25 64 -50.0013885498 -208.796539307 27 63 -50.9751434326 -208.77746582 28 65 -52.1223297119 -209.200195313 29 59 -52.8504943848 -209.401977539 30 70 -44.6771697998 -206.848846436 31 62 -54.7358093262 -209.877685547 32 65 -55.676071167 -210.300842285 33 58 -53.955368042 -209.758605957 35 59 -57.7645721436 -210.524841309 36 58 -59.7058105469 -210.862670898 37 54 -59.5097503662 -210.243652344 40 57 -63.6310272217 -210.49105835 43 57 -67.6521911621 -210.46673584 48 60 -71.8777618408 -210.018463135
0.710701592805 -0.151353974448 3.19888127776
79 79 79
49 0 68 218.320343018 -72.543548584 1 69 212.540863037 -99.3844604492 2 75 218.714111328 -70.3424072266 3 64 218.053436279 -74.2542419434 4 70 217.729919434 -75.9417419434 5 71 215.30380249 -88.6491394043 6 67 214.858337402 -90.5471496582 8 70 213.534088135 -95.9320373535 7 72 214.037902832 -94.0555114746 9 74 218.884307861 -68.4522705078 10 79 216.713104248 -81.5561523438 11 74 217.153991699 -79.6889343262 12 69 219.249420166 -65.8634643555 13 67 219.119995117 -66.4925537109 14 70 217.443145752 -77.8630065918 15 74 215.620361328 -86.900970459 16 67 214.3878479 -92.2760925293 17 69 216.21295166 -83.3408203125 18 71 216.100708008 -85.1339416504 19 66 213.076202393 -97.6795349121 20 66 212.289611816 -100.937011719 22 73 210.735626221 -106.106445313 21 69 211.799438477 -102.601531982 23 72 209.715087891 -109.186279297 24 73 210.18548584 -107.706176758 25 75 208.706695557 -112.680053711 26 70 209.222381592 -110.905303955 27 73 208.188446045 -114.427978516 29 68 206.958190918 -117.521484375 28 76 207.550018311 -116.02520752 30 74 211.307647705 -104.43460083 31 75 206.199127197 -120.569366455 32 80 205.735351563 -122.18838501 33 70 206.538513184 -119.059356689 34 73 205.068054199 -123.943206787 36 69 203.447570801 -128.578338623 35 72 204.461975098 -125.548217773 37 73 204.150482178 -126.918579102 38 66 202.869415283 -130.122344971 39 68 202.348236084 -131.58505249 40 73 201.781707764 -132.926422119 41 76 201.001861572 -134.595245361 42 75 200.319702148 -136.006713867 43 72 199.046661377 -138.806610107 44 68 198.295715332 -140.384185791 45 71 199.583526611 -137.540435791 46 69 197.539733887 -141.832946777 47 70 196.726379395 -143.042053223 48 71 195.981506348 -144.555725098
1.02855193196 -0.421787149346 3.21599722408
123 123 123
42 0 79 198.930541992 60.489151001 1 71 204.502532959 37.9933013916 2 80 198.38482666 61.5692443848 3 83 199.837280273 59.4161376953 5 79 202.756103516 46.9458007813 6 76 203.659179688 45.5407104492 7 75 203.904418945 42.0018768311 8 81 204.217834473 40.7848052979 10 101 201.742248535 53.5378723145 11 80 200.829467773 54.5418243408 12 79 196.95513916 66.0103759766 13 82 197.715576172 65.633972168 15 79 202.333862305 48.1612243652 19 70 204.32244873 39.445526123 20 65 204.748260498 36.5466003418 16 74 203.793273926 44.0879364014 21 72 205.185119629 34.9850158691 24 81 206.08694458 30.6962127686 23 69 206.067718506 29.0956726074 25 67 206.36541748 26.0995025635 26 66 206.234130859 27.6352539063 27 69 206.711608887 24.7140808105 28 70 206.67300415 23.2878875732 29 62 206.827972412 21.8691253662 31 68 207.758331299 19.0315093994 32 69 208.046844482 17.609375 33 62 207.135864258 20.4137420654 34 63 208.096343994 16.095489502 35 62 208.254608154 14.5604248047 36 61 208.662689209 11.7804260254 37 62 208.497253418 13.1956329346 38 58 208.968231201 10.3690185547 39 60 209.523529053 8.94918823242 40 65 209.648529053 7.6268157959 41 67 209.622070313 6.13441467285 42 67 209.566314697 4.72007751465 43 64 209.836578369 2.01908874512 44 61 209.656707764 0.563980102539 45 63 209.685699463 3.33572387695 46 63 209.647491455 -0.842803955078 47 65 209.741851807 -2.1328125 48 65 209.432495117 -3.55776977539
0.0802447522335 -0.585342978554 3.38504524243
84 84 84
45 0 87 -20.334487915 -158.079101563 1 77 -31.8821258545 -164.004333496 2 96 -19.618347168 -157.305053711 3 85 -21.1650085449 -158.459686279 4 91 -22.3342285156 -158.770904541 7 84 -29.5809631348 -162.88269043 8 83 -30.371673584 -163.357543945 9 93 -18.9586486816 -156.81060791 11 91 -23.2934265137 -159.755371094 12 85 -17.6044464111 -156.137054443 13 87 -18.1692352295 -156.267120361 14 90 -22.4701843262 -159.613800049 15 84 -26.3348999023 -161.816009521 16 75 -28.7966766357 -162.536468506 17 89 -25.0085906982 -160.721923828 18 87 -25.8147583008 -161.438720703 19 76 -30.864654541 -163.67590332 20 72 -32.3634796143 -164.137023926 21 76 -33.5046539307 -164.261505127 22 82 -35.0686035156 -164.586791992 23 81 -36.6998901367 -164.724182129 24 86 -35.8721008301 -164.727416992 25 79 -38.1136169434 -165.197265625 26 79 -37.4953308105 -164.924438477 27 81 -38.7297973633 -165.316925049 28 83 -39.6571502686 -165.184509277 29 75 -40.3748321533 -165.378173828 31 81 -41.7332763672 -165.243682861 32 83 -42.3476867676 -165.377685547 33 80 -41.1227111816 -165.26361084 34 81 -42.9850158691 -165.223907471 35 79 -43.688659668 -165.342498779 36 73 -45.1417999268 -165.177001953 37 75 -44.3522338867 -165.425842285 38 74 -45.6182556152 -165.152252197 39 73 -46.398727417 -165.082824707 40 74 -47.0903778076 -164.948638916 41 77 -47.8291320801 -164.906555176 42 76 -48.6218414307 -164.731811523 43 73 -50.1011199951 -164.345550537 44 69 -50.7696838379 -164.137207031 45 72 -49.2874298096 -164.551940918 46 70 -51.5888671875 -163.930480957 47 72 -52.4115447998 -163.684234619 48 73 -53.1160430908 -163.281585693
0.6716180068 -1.27446738741 3.16211583271
130 130 130
49 0 97 -86.1746063232 122.77117157 1 85 -79.1621856689 121.439994812 2 99 -86.6465454102 123.14743042 3 95 -85.6766662598 122.712875366 4 96 -85.212310791 122.594009399 5 94 -81.8772888184 121.790771484 6 89 -81.3768157959 121.743904114 7 100 -80.5786132813 121.565994263 8 94 -80.0424804688 121.494262695 10 106 -83.7601776123 122.210700989 9 94 -87.1283111572 123.326370239 11 99 -84.1679992676 122.578094482 12 88 -87.7812042236 123.532325745 13 89 -87.6468658447 123.561660767 14 101 -84.747756958 122.547966003 15 105 -82.514831543 121.922164917 16 91 -81.0298156738 121.641708374 17 101 -83.3714599609 122.093902588 18 102 -82.8827819824 121.94733429 19 91 -79.5305023193 121.439781189 20 89 -78.6443481445 121.371429443 21 92 -78.1898193359 121.282676697 22 90 -77.2374267578 121.176185608 23 97 -76.3157501221 121.147445679 24 98 -76.7788543701 121.218780518 25 95 -75.3533325195 121.208480835 26 94 -75.8378448486 121.065567017 27 99 -74.8744354248 121.18309021 28 101 -74.532623291 121.178627014 29 94 -73.9393768311 121.282913208 30 101 -77.6569976807 121.197395325 31 99 -72.7948303223 121.255226135 32 100 -72.159072876 121.275886536 33 94 -73.3546600342 121.283836365 34 96 -71.6755371094 121.334571838 35 95 -71.1342163086 121.333152771 36 87 -70.0621643066 121.413047791 37 95 -70.565536499 121.310752869 38 88 -69.4243621826 121.453125 39 93 -68.9615478516 121.444763184 40 94 -68.6405792236 121.509490967 41 93 -68.0435180664 121.686157227 42 94 -67.586807251 121.742286682 43 99 -66.7423095703 121.886207581 44 93 -66.1529388428 121.950996399 45 90 -67.1956329346 121.840339661 46 86 -65.8034057617 122.121963501 47 88 -65.4641418457 122.241279602 48 92 -65.1548309326 122.343559265
0.0533951948969 -0.730158771255 3.2702513558
98 98 98
46 0 126 -58.9805450439 -132.71786499 1 92 -71.0744476318 -138.117462158 4 118 -60.0720672607 -133.960357666 2 136 -57.9366455078 -132.131958008 5 111 -66.4894714355 -136.429260254 6 106 -67.0029144287 -136.795684814 7 111 -68.8265686035 -137.29788208 8 104 -69.4522705078 -137.759338379 10 128 -62.7736968994 -135.099334717 11 128 -62.0148773193 -134.623138428 13 129 -56.9911193848 -130.75479126 14 125 -61.094909668 -134.268127441 15 116 -65.1871795654 -136.224365234 16 109 -68.3194122314 -136.920166016 17 119 -64.6952972412 -134.989807129 18 120 -64.7422027588 -135.744262695 19 96 -70.4178924561 -137.883758545 20 86 -72.2467346191 -138.126983643 21 91 -72.6694488525 -138.54083252 22 92 -74.8402404785 -138.595092773 23 93 -76.3079681396 -138.877716064 24 95 -75.3523101807 -138.799682617 25 89 -77.8119659424 -139.136077881 26 91 -76.8621826172 -139.123840332 27 91 -78.2799224854 -139.166320801 28 98 -79.7465515137 -138.965545654 29 89 -80.3451538086 -138.965698242 30 102 -73.8081665039 -138.60546875 31 88 -81.7362823486 -138.8956604 32 92 -82.018661499 -139.042572021 33 84 -80.8048858643 -139.072998047 34 88 -82.3876495361 -139.108886719 35 89 -84.009552002 -138.573242188 36 81 -84.8377380371 -138.534851074 37 83 -83.7668609619 -138.92868042 38 85 -86.4293670654 -137.78036499 39 119 -88.6135559082 -136.87902832 40 81 -86.4240875244 -138.215393066 41 87 -88.3090057373 -137.395233154 42 104 -90.43309021 -136.526580811 43 92 -91.2051391602 -136.317840576 44 92 -92.2687072754 -135.974945068 45 85 -90.4170227051 -136.686706543 46 100 -93.3844909668 -135.346801758 47 111 -94.7976379395 -134.805786133 48 77 -92.941696167 -135.843719482
0.591404321699 -1.24124397593 3.18418828211
128 128 128
49 0 101 -91.5219421387 95.0144195557 1 93 -86.299621582 94.1384429932 2 110 -91.8916168213 95.3003997803 3 101 -91.1131286621 94.888381958 4 105 -90.8315124512 94.7774658203 5 99 -88.3627166748 94.2044525146 6 97 -87.9920501709 94.2849884033 7 102 -87.3873138428 94.1948852539 8 110 -87.079574585 94.1097869873 11 105 -90.0871124268 94.7736663818 9 97 -92.2359008789 95.3874511719 10 111 -89.7608642578 94.4941101074 13 96 -92.6538238525 95.5305175781 12 95 -92.7788391113 95.5220947266 14 111 -90.4658508301 94.7096252441 15 112 -88.8556976318 94.2617340088 16 100 -87.6641387939 94.1810302734 17 105 -89.4605407715 94.4151153564 18 109 -89.1131286621 94.3665924072 19 104 -86.7104034424 94.0193939209 20 90 -85.888168335 94.2010650635 21 96 -85.6412200928 94.0769500732 22 99 -84.9380187988 94.0240478516 23 99 -84.2247161865 94.2397460938 24 111 -84.695022583 94.1154632568 25 98 -83.5007781982 94.2720947266 26 95 -83.8196868896 94.2303619385 27 104 -83.1154785156 94.3030395508 28 109 -82.8203582764 94.4477844238 29 104 -82.4553527832 94.4528198242 30 106 -85.2233428955 94.0346374512 31 100 -81.3921661377 94.6851043701 32 104 -80.9433288574 94.69090271 33 99 -82.0066680908 94.5025482178 34 101 -80.5982971191 94.7390594482 35 101 -80.1328277588 94.8191833496 36 90 -79.2925109863 95.1374511719 37 96 -79.6185455322 94.9897003174 38 98 -78.8273925781 95.1970977783 39 99 -78.3715057373 95.2875366211 40 99 -78.1180114746 95.4175109863 41 97 -77.6946258545 95.5917663574 42 99 -77.4194488525 95.775177002 43 104 -76.6841430664 96.0885009766 44 99 -76.2704162598 96.2998504639 45 98 -77.0624847412 95.9218597412 46 92 -76.0387878418 96.4519348145 47 93 -75.725189209 96.6453857422 48 99 -75.4253082275 96.7565155029
0.749194327832 -1.31078606544 3.14526069835
123 123 123
49 0 108 -82.3210906982 151.444213867 1 103 -73.3430023193 149.654769897 2 116 -83.0060882568 151.888641357 3 103 -81.6782684326 151.301940918 4 111 -81.118560791 151.246490479 5 116 -76.9450683594 150.346359253 6 105 -76.2173919678 150.12689209 7 118 -75.0727233887 149.90536499 8 119 -74.6368865967 149.871704102 9 108 -83.5636291504 151.883880615 10 123 -79.3719940186 150.880126953 11 116 -79.8548126221 150.887237549 12 99 -84.4484710693 152.231491089 13 101 -84.2229766846 152.205566406 14 119 -80.5878295898 151.193237305 15 115 -77.5588226318 150.454467773 16 110 -75.7236022949 150.100585938 17 114 -78.7577209473 150.727050781 18 116 -78.0664367676 150.693023682 19 107 -73.8421630859 149.746826172 20 109 -72.7271881104 149.709747314 21 112 -72.0924530029 149.434692383 22 110 -70.9529876709 149.380279541 23 117 -69.7645263672 149.162612915 24 114 -70.4434356689 149.112182617 25 118 -68.6351928711 149.196411133 26 108 -69.2274780273 149.181030273 27 117 -67.9523620605 149.105194092 28 116 -67.4235839844 149.109603882 29 114 -66.8891296387 149.148376465 30 118 -71.4659423828 149.368377686 31 111 -65.3890991211 149.057525635 32 122 -64.6829681396 148.96862793 33 108 -66.1658935547 148.93598938 34 111 -64.0665588379 148.73626709 35 111 -63.4276733398 148.974182129 36 105 -62.1467437744 148.736846924 37 121 -62.6601409912 148.887832642 38 109 -61.3551025391 148.93069458 39 121 -60.7581939697 148.851928711 40 112 -60.2820129395 148.74508667 41 110 -59.7104797363 148.892303467 42 117 -59.1445465088 148.844085693 43 108 -57.8687591553 148.813232422 44 110 -57.3588409424 148.886322021 45 118 -58.6103668213 148.914550781 46 108 -56.9519500732 148.969238281 47 106 -56.5110321045 148.868621826 48 113 -55.9834747314 149.033462524
0.65171904503 -0.140328018369 3.22468890095
116 116 116
47 0 86 208.749694824 -91.6339111328 1 106 202.239074707 -116.788452148 2 94 209.107055664 -89.5587158203 3 84 208.354370117 -93.4281311035 4 89 207.833587646 -94.9707641602 5 104 205.05456543 -106.883361816 6 103 204.580444336 -108.579345703 8 113 203.083831787 -113.658355713 7 117 203.659362793 -111.541107178 9 88 209.452026367 -87.8318481445 10 107 206.738250732 -100.019073486 11 104 207.192779541 -98.1328125 13 77 209.567596436 -86.3964233398 14 96 207.553405762 -96.7171020508 15 104 205.482696533 -105.144256592 16 105 204.082244873 -110.287261963 17 103 206.294616699 -101.607421875 18 107 205.963653564 -103.50958252 19 112 202.696899414 -115.10635376 20 111 201.744598389 -118.511444092 21 120 201.212615967 -120.265411377 22 114 200.243927002 -123.360748291 23 127 199.091430664 -126.705596924 24 127 199.578216553 -125.212097168 25 130 198.051635742 -129.966308594 26 120 198.613739014 -128.360626221 27 134 197.44833374 -131.403381348 29 128 196.358123779 -134.208465576 28 134 196.942749023 -132.774841309 30 122 200.749450684 -121.801635742 31 130 195.389526367 -137.411590576 33 135 195.831054688 -135.996673584 32 133 194.879882813 -139.099151611 34 131 194.338653564 -140.430084229 36 139 192.439910889 -145.853088379 35 124 193.593322754 -141.757385254 37 137 193.175140381 -143.474578857 38 138 191.967376709 -146.917114258 39 141 191.380340576 -147.918884277 40 162 190.607727051 -150.289306641 41 166 189.917785645 -152.092041016 42 168 189.100952148 -153.317565918 43 177 187.907287598 -156.458709717 44 167 187.105560303 -157.622619629 45 169 188.534759521 -154.557373047 46 183 186.353363037 -158.925201416 48 190 184.641662598 -161.862579346
0.70740163295 -1.31586422783 3.15516378851
21 21 21
49 0 122 -91.18309021 141.024414063 1 117 -82.9597473145 139.904907227 2 131 -91.7063903809 141.313217163 3 120 -90.7127075195 141.043579102 4 123 -90.0677032471 141.020355225 5 126 -86.08203125 139.866973877 6 118 -85.7007904053 140.04083252 7 132 -84.3877716064 140.046264648 8 132 -84.0822143555 139.99772644 9 123 -92.3376159668 141.460144043 10 134 -88.4787445068 140.636291504 11 131 -89.1048736572 140.856811523 12 121 -93.2339172363 141.663482666 13 118 -92.9343414307 141.613555908 14 131 -89.6273498535 140.923950195 15 132 -86.8412322998 140.265686035 16 121 -85.1272888184 140.00100708 17 124 -87.8804626465 140.272003174 18 124 -87.4558258057 140.683502197 19 124 -83.5222930908 140.003372192 20 126 -82.1967010498 140.043151855 21 129 -81.8822784424 139.824371338 22 122 -80.7846679688 139.825408936 23 135 -79.8207244873 139.900756836 24 143 -79.7414703369 139.365371704 25 131 -78.5080566406 139.912948608 26 127 -79.2328643799 139.845611572 27 138 -77.9786376953 139.879348755 28 138 -77.5085754395 139.790313721 29 126 -77.0066833496 139.937164307 30 137 -81.177230835 139.667175293 31 128 -75.5974578857 139.978347778 32 143 -74.3405456543 139.754058838 33 141 -75.8320922852 139.624481201 34 138 -73.803894043 139.743743896 35 133 -73.7626647949 140.027740479 36 141 -71.8835906982 139.795837402 37 147 -72.3742675781 139.983947754 38 134 -71.5016326904 140.108505249 39 150 -70.5473175049 140.077728271 40 145 -70.2012176514 139.990478516 41 140 -69.7696075439 140.214050293 42 139 -69.2415466309 140.216888428 43 146 -68.0984191895 140.454711914 44 138 -67.6626281738 140.417663574 45 152 -68.5216522217 140.327270508 46 145 -67.0547180176 140.449066162 47 157 -66.5792388916 140.620178223 48 154 -66.2705383301 140.703521729
0.615769205301 -0.110382701196 3.20197622416
92 92 92
30 0 88 212.415222168 -105.507904053 1 120 205.471710205 -134.480743408 2 92 212.718292236 -102.986206055 3 89 212.063293457 -107.621917725 4 98 211.73260498 -109.897033691 5 117 208.536315918 -123.196838379 6 112 208.060089111 -124.747192383 8 125 206.342498779 -130.268585205 7 123 206.962768555 -128.390075684 9 87 213.01751709 -101.581665039 10 115 210.444946289 -115.407073975 11 106 210.87210083 -113.338806152 12 81 213.72833252 -98.9268493652 13 78 213.347961426 -99.5633544922 14 107 211.352783203 -111.839233398 15 117 208.94442749 -121.198760986 16 115 207.319763184 -126.382080078 17 113 210.160247803 -117.812042236 18 115 209.582672119 -119.472839355 19 129 206.029663086 -132.231414795 20 128 204.863739014 -135.693664551 21 140 204.273956299 -137.543304443 22 134 203.171173096 -141.031585693 23 144 201.690765381 -144.463531494 24 148 202.732971191 -143.030639648 26 136 201.232757568 -146.102905273 30 144 203.679077148 -139.643035889 28 174 200.11315918 -151.460357666 31 185 198.279174805 -156.473571777 40 206 192.872619629 -169.294921875
0.772556625287 -1.27407040311 3.10323611305
31 31 31
45 0 111 -67.655670166 152.841094971 1 121 -59.4125213623 149.012481689 2 120 -68.154083252 153.126312256 3 114 -67.1341552734 152.585296631 4 127 -66.6993713379 152.650146484 5 135 -62.8237304688 150.975250244 6 125 -62.133026123 150.626586914 7 128 -60.9404907227 149.499557495 8 134 -60.4628753662 149.492858887 9 115 -68.8146820068 153.264526367 10 133 -64.9023742676 151.237915039 11 129 -65.292098999 151.582519531 12 117 -69.7827758789 154.164627075 13 107 -69.4729309082 153.965026855 14 127 -65.9670715332 151.889831543 15 128 -63.1471099854 150.536270142 16 119 -61.4741668701 149.642211914 17 130 -64.3840026855 151.296676636 18 131 -63.7351837158 151.072113037 19 125 -59.6985778809 149.159240723 21 137 -58.3838195801 148.820587158 22 123 -57.044128418 147.720687866 23 140 -56.1609649658 147.845367432 24 142 -56.7651062012 148.08190918 25 133 -54.9528198242 147.016143799 26 132 -55.5895080566 147.184280396 28 140 -53.8657836914 147.291183472 29 131 -53.4073486328 146.499816895 31 132 -52.0835876465 146.61428833 30 138 -57.5742797852 148.164825439 32 135 -51.4151306152 146.213043213 33 145 -53.120803833 147.056182861 34 136 -51.0926055908 146.528015137 35 137 -50.2915496826 146.003082275 36 131 -49.0483703613 145.732391357 37 133 -49.5116119385 145.595458984 38 136 -48.4858398438 145.917419434 40 139 -47.5434875488 145.294296265 41 141 -47.0728759766 145.219146729 42 150 -46.5879364014 145.256942749 43 142 -45.3893127441 144.823059082 44 147 -45.0282287598 144.996185303 46 153 -44.751953125 144.840759277 47 151 -44.2205047607 144.866271973 48 153 -43.870513916 144.432983398
0.493174700563 -0.0303926265088 3.25580420799
72 72 72
