# Camera parameter file. 

# The format of each camera is as follows:
# Filename (of the undistorted image in visualize folder)
# Original filename
# Focal Length (of the undistorted image)
# 2-vec Principal Point (image center)
# 3-vec Translation T (as in P = K[R T])
# 3-vec Camera Position C (as in P = K[R -RC])
# 3-vec Axis Angle format of R
# 4-vec Quaternion format of R
# 3x3 Matrix format of R
# [Normalized radial distortion] = [radial distortion] * [focal length]^2
# 3-vec Lat/Lng/Alt from EXIF

# The nubmer of cameras in this reconstruction
49

00000000.jpg
D:\Users\Ysbrand\Documents\Studie Uva\2015-2016\Computer Vision 2\proj\a2\House\jpg\frame00000005.jpg
5375.20507813
256 240
0.596651446359 0.319673338946 14.9346823398
-2.78755539436 -0.0103441894877 -14.6878179633
-0.128312964824 -0.146660448584 -0.955047501682
0.883571179673 -0.0616467125605 -0.0704615821967 -0.458843257956
0.568996861641 0.819529840171 -0.067943121241
-0.802152874699 0.571324812501 0.173600260173
0.181088171971 -0.0442767739869 0.982470444051
-58.8613702281
0 0 0

00000001.jpg
D:\Users\Ysbrand\Documents\Studie Uva\2015-2016\Computer Vision 2\proj\a2\House\jpg\frame00000020.jpg
5175.84375
256 240
0.358498758965 0.626795690448 14.034062354
-0.960138307457 -0.00141193496914 -14.0197793592
-0.0829559490396 -0.0597405323853 -0.879086197089
0.903681953493 -0.0401375288655 -0.0289049473946 -0.425338363547
0.636505052135 0.77106327598 -0.0180974899235
-0.766419137081 0.634951744442 0.0971318818981
0.086386027385 -0.0479543600763 0.995107495696
-50.5152174365
0 0 0

00000002.jpg
D:\Users\Ysbrand\Documents\Studie Uva\2015-2016\Computer Vision 2\proj\a2\House\jpg\frame00000004.jpg
5433.46044922
256 240
0.624332644426 0.301660790923 15.1312496654
-2.9624768141 -0.0763729587199 -14.8544051961
-0.128626969412 -0.155343394701 -0.959937274484
0.882122194998 -0.0617660033719 -0.0745950921865 -0.460956898883
0.563909013025 0.822455675356 -0.0746612261228
-0.804025570411 0.567408042183 0.177740760089
0.1885467197 -0.0401998897936 0.981241212423
-59.847379895
0 0 0

00000003.jpg
D:\Users\Ysbrand\Documents\Studie Uva\2015-2016\Computer Vision 2\proj\a2\House\jpg\frame00000006.jpg
5646.77880859
256 240
0.585602397472 0.345391575301 15.8498708508
-2.82528777876 0.00569198401372 -15.6108201967
-0.123541497001 -0.141333733975 -0.949981650639
0.885059304557 -0.0593854413658 -0.0679380319629 -0.456648826363
0.573712394901 0.816392251493 -0.0660217282457
-0.800252919258 0.575890634663 0.167167022322
0.174495021042 -0.0430715274226 0.983716860768
-64.701360641
0 0 0

00000004.jpg
D:\Users\Ysbrand\Documents\Studie Uva\2015-2016\Computer Vision 2\proj\a2\House\jpg\frame00000007.jpg
5223.12451172
256 240
0.567181879274 0.360158734711 14.380665465
-2.47327130346 -0.0190367408553 -14.1822941088
-0.122590147979 -0.135545809856 -0.944858645944
0.886447005813 -0.0589569387275 -0.0651876691414 -0.45440823927
0.578528969756 0.813305256604 -0.0619899640007
-0.797930035867 0.580074787558 0.163768530209
0.169151692505 -0.0452802770187 0.984549419142
-54.942091454
0 0 0

00000005.jpg
D:\Users\Ysbrand\Documents\Studie Uva\2015-2016\Computer Vision 2\proj\a2\House\jpg\frame00000014.jpg
5130.78564453
256 240
0.457842751306 0.509418068645 13.9579943905
-1.61474656863 -0.0206336539728 -13.8811571381
-0.100309584776 -0.0944848222006 -0.909438189239
0.896093077008 -0.0484053080443 -0.0455945155626 -0.438857720285
0.610652152922 0.790930349793 -0.0392276735281
-0.782099109962 0.610121986899 0.126770474487
0.124200045452 -0.0467321712289 0.991157070827
-50.8785730403
0 0 0

00000006.jpg
D:\Users\Ysbrand\Documents\Studie Uva\2015-2016\Computer Vision 2\proj\a2\House\jpg\frame00000015.jpg
5224.85205078
256 240
0.440325189242 0.529779770657 14.2641992495
-1.53388322633 0.000919680060202 -14.1982018575
-0.0974074145342 -0.0882247562317 -0.904675542527
0.897342278759 -0.0470254095254 -0.042592294559 -0.436750508967
0.614869750351 0.787836781555 -0.0353628335802
-0.779822006307 0.614073423134 0.12159993456
0.117516633049 -0.0471916180123 0.99194948751
-52.6525199773
0 0 0

00000007.jpg
D:\Users\Ysbrand\Documents\Studie Uva\2015-2016\Computer Vision 2\proj\a2\House\jpg\frame00000017.jpg
5087.39550781
256 240
0.406570397516 0.566335369461 13.7653752905
-1.26616307746 -0.00536598234056 -13.7247369429
-0.0924234039371 -0.0768350647338 -0.894332825134
0.899930406884 -0.0446597035249 -0.0371272974718 -0.432148537293
0.623738915234 0.781124220447 -0.0282246783535
-0.774490215556 0.622505922816 0.112470347146
0.105423257328 -0.0482921535117 0.99325411089
-49.3352910676
0 0 0

00000008.jpg
D:\Users\Ysbrand\Documents\Studie Uva\2015-2016\Computer Vision 2\proj\a2\House\jpg\frame00000018.jpg
5122.41162109
256 240
0.392387093303 0.588724931056 13.8735229599
-1.16512582568 -0.0152519218272 -13.8425671224
-0.0885523826285 -0.0713560241416 -0.889415428489
0.901173551851 -0.0428077956216 -0.0344947702947 -0.429959225887
0.627892001401 0.777889848109 -0.0253602099465
-0.771981682866 0.626605842958 0.106817165509
0.0989828887207 -0.0474918473995 0.993957237865
-49.7366441891
0 0 0

00000009.jpg
D:\Users\Ysbrand\Documents\Studie Uva\2015-2016\Computer Vision 2\proj\a2\House\jpg\frame00000003.jpg
6041.80273438
256 240
0.632402290247 0.282368755587 17.2579108391
-3.46089912847 0.0240613940966 -16.921477733
-0.1320229636 -0.159144250475 -0.965035942972
0.880694572947 -0.0633648101882 -0.0763817516963 -0.463171842865
0.559275606709 0.825505898248 -0.0758403826835
-0.806145815166 0.562914088938 0.182366023296
0.193235594081 -0.0408541544984 0.980302027628
-75.5493541151
0 0 0

00000010.jpg
D:\Users\Ysbrand\Documents\Studie Uva\2015-2016\Computer Vision 2\proj\a2\House\jpg\frame00000010.jpg
5436.12255859
256 240
0.521129723403 0.429036018076 15.061512648
-2.21283967765 0.0098418569856 -14.9133229029
-0.111891241937 -0.117371784463 -0.929904879707
0.890675387165 -0.0538916172671 -0.0565312814191 -0.447882041566
0.592412839248 0.803928414835 -0.0524278036115
-0.79174162827 0.592996050645 0.146638646808
0.148976280248 -0.0453611014898 0.987801691313
-58.5980353095
0 0 0

00000011.jpg
D:\Users\Ysbrand\Documents\Studie Uva\2015-2016\Computer Vision 2\proj\a2\House\jpg\frame00000009.jpg
5404.04296875
256 240
0.538483669562 0.406004175481 14.9657577989
-2.32891892868 -0.000698006980884 -14.7988050981
-0.115216442888 -0.123892483867 -0.934880749188
0.889277837753 -0.0554659298789 -0.0596426312986 -0.450057550641
0.587783366999 0.807069838051 -0.0561517956807
-0.793834983944 0.588743930777 0.152334633338
0.156003685116 -0.0449638554286 0.9867329931
-58.1223323094
0 0 0

00000012.jpg
D:\Users\Ysbrand\Documents\Studie Uva\2015-2016\Computer Vision 2\proj\a2\House\jpg\frame00000001.jpg
6696.98828125
256 240
0.664793506195 0.264940322839 19.5341272286
-4.07287686028 -0.0179913722511 -19.118190943
-0.130962446556 -0.168638836291 -0.972974646149
0.878509350595 -0.0628073145799 -0.0808762566665 -0.466621739943
0.551446569909 0.830022490947 -0.0834866497797
-0.809703755978 0.556639059613 0.185830831186
0.200715541111 -0.0348764213906 0.979029086811
-93.9742626168
0 0 0

00000013.jpg
D:\Users\Ysbrand\Documents\Studie Uva\2015-2016\Computer Vision 2\proj\a2\House\jpg\frame00000002.jpg
6009.29345703
256 240
0.653691391768 0.264597935839 17.1501657342
-3.57297151182 -0.03612960535 -16.7886173522
-0.13309829152 -0.166256702175 -0.969658922957
0.879309946732 -0.0638496881739 -0.0797563850703 -0.46516314491
0.554525037098 0.828230035077 -0.0808604046541
-0.807860285612 0.559093863694 0.186487059389
0.199661926177 -0.0380876042395 0.979125028892
-74.4857258767
0 0 0

00000014.jpg
D:\Users\Ysbrand\Documents\Studie Uva\2015-2016\Computer Vision 2\proj\a2\House\jpg\frame00000008.jpg
5388.42675781
256 240
0.555081407704 0.385598811413 14.9269279266
-2.44164256622 -0.0153719197499 -14.7413770319
-0.11794934532 -0.130040716606 -0.939752997979
0.887913922097 -0.0567543394975 -0.0625724115616 -0.452186152848
0.583224082377 0.810107196276 -0.0597906313891
-0.795902325698 0.584613364171 0.157374794339
0.16244503007 -0.0441970783779 0.985727085669
-58.158446502
0 0 0

00000015.jpg
D:\Users\Ysbrand\Documents\Studie Uva\2015-2016\Computer Vision 2\proj\a2\House\jpg\frame00000013.jpg
5192.37548828
256 240
0.471599385912 0.48691617088 14.1822120917
-1.7548348885 0.000621752213369 -14.0895321542
-0.104035556035 -0.0999314769515 -0.914876921036
0.894676572562 -0.0501783924632 -0.0481989144964 -0.441263111853
0.605928243169 0.794413494182 -0.041960989216
-0.784737579861 0.605537798036 0.132323595162
0.130528769275 -0.0472501335803 0.990318636759
-52.5702288723
0 0 0

00000016.jpg
D:\Users\Ysbrand\Documents\Studie Uva\2015-2016\Computer Vision 2\proj\a2\House\jpg\frame00000016.jpg
5147.72900391
256 240
0.423448588296 0.547728252546 13.9971374823
-1.39817149935 -0.00124567111155 -13.9443165609
-0.0950428935103 -0.0825798278814 -0.899692760317
0.898599403128 -0.0459040835927 -0.0398846371583 -0.434536135759
0.619175710605 0.784609522493 -0.0317866140547
-0.77728612643 0.618142963259 0.117161536845
0.111574630523 -0.0478359916252 0.992604875345
-51.046526503
0 0 0

00000017.jpg
D:\Users\Ysbrand\Documents\Studie Uva\2015-2016\Computer Vision 2\proj\a2\House\jpg\frame00000011.jpg
5159.57763672
256 240
0.505450163284 0.445994348906 14.1012458597
-1.97354700526 -0.0183456007134 -13.9787081221
-0.109834654549 -0.112076420509 -0.924774244819
0.892022298272 -0.0529261045953 -0.0540063459835 -0.445621635626
0.597010153723 0.800726275532 -0.0491795977304
-0.78929146675 0.597240663946 0.142555478176
0.143519861731 -0.0462895836626 0.988564304789
-52.3405901888
0 0 0

00000018.jpg
D:\Users\Ysbrand\Documents\Studie Uva\2015-2016\Computer Vision 2\proj\a2\House\jpg\frame00000012.jpg
5212.35595703
256 240
0.488141920157 0.467418906841 14.265462632
-1.87621359848 -0.00284469264317 -14.157656513
-0.10679444206 -0.105715959249 -0.919709025244
0.893394689093 -0.051485905937 -0.0509659662898 -0.443394351333
0.601609413664 0.797501306742 -0.0454082558255
-0.787003327878 0.601501658006 0.137190372116
0.136722638606 -0.0467985675931 0.989505210332
-53.2729614474
0 0 0

00000019.jpg
D:\Users\Ysbrand\Documents\Studie Uva\2015-2016\Computer Vision 2\proj\a2\House\jpg\frame00000019.jpg
5093.45361328
256 240
0.374698902769 0.608043410777 13.7692795113
-1.04213958128 -0.0135522277189 -13.7483305
-0.0858459320053 -0.0652352906479 -0.884359082832
0.902415375129 -0.0415174580196 -0.0315495839768 -0.427700419089
0.632154393873 0.774547170153 -0.0214274054723
-0.769306566385 0.630696899667 0.10191934837
0.0924559131661 -0.0479446214428 0.994562743534
-49.0999117899
0 0 0

00000020.jpg
D:\Users\Ysbrand\Documents\Studie Uva\2015-2016\Computer Vision 2\proj\a2\House\jpg\frame00000021.jpg
5164.47460938
256 240
0.341245044532 0.645117154393 13.9811976496
-0.846340798644 4.4408920985e-016 -13.9746204697
-0.0802668181355 -0.0539443673555 -0.873968211514
0.904900131806 -0.0388529277103 -0.0261116193955 -0.423041856297
0.64070757442 0.767650979375 -0.0143840697596
-0.763591546714 0.639051630862 0.0924086515753
0.0801295615709 -0.0482234260491 0.995617788886
-50.1396906093
0 0 0

00000021.jpg
D:\Users\Ysbrand\Documents\Studie Uva\2015-2016\Computer Vision 2\proj\a2\House\jpg\frame00000022.jpg
5193.50439453
256 240
0.325423840496 0.665505753677 14.0592162453
-0.741817713293 -0.00438935129189 -14.0591516319
-0.076975405802 -0.0484109326469 -0.86897209409
0.906085539349 -0.0372751350552 -0.0234428650783 -0.420797420019
0.644760796373 0.764304747733 -0.0111120461044
-0.760809081365 0.643080475564 0.0872787158628
0.0738529180889 -0.0478191275404 0.996122746529
-50.3458240685
0 0 0

00000022.jpg
D:\Users\Ysbrand\Documents\Studie Uva\2015-2016\Computer Vision 2\proj\a2\House\jpg\frame00000024.jpg
5286.13574219
256 240
0.292851924171 0.701280120584 14.3546345276
-0.549897906804 0.00927557581909 -14.3642107994
-0.0715798331355 -0.0374724748994 -0.85889819178
0.908404440737 -0.0346903617219 -0.0181606138479 -0.416255356432
0.652804603334 0.75751742176 -0.00411422188797
-0.754995435292 0.651056230459 0.0781448745914
0.0618745071759 -0.0479066399643 0.996933678007
-51.8464491493
0 0 0

00000023.jpg
D:\Users\Ysbrand\Documents\Studie Uva\2015-2016\Computer Vision 2\proj\a2\House\jpg\frame00000026.jpg
5421.99121094
256 240
0.257744980594 0.739705382243 14.7881939791
-0.339185667885 0.0236537630211 -14.8050091287
-0.0655527322997 -0.0257021566657 -0.848670724923
0.910711510914 -0.0317949149776 -0.0124662673432 -0.4116291205
0.660812273983 0.750543642573 0.00346910353848
-0.748957870495 0.659101344505 0.0681749923964
0.0488817962089 -0.0476489878382 0.997668205958
-54.2067443892
0 0 0

00000024.jpg
D:\Users\Ysbrand\Documents\Studie Uva\2015-2016\Computer Vision 2\proj\a2\House\jpg\frame00000025.jpg
5360.234375
256 240
0.274213742562 0.721448545635 14.5936526587
-0.439649769905 0.0192365305446 -14.6074058258
-0.0684606925854 -0.0311641125886 -0.853965839659
0.909533775715 -0.0331917528325 -0.0151092763339 -0.414027699793
0.656706656118 0.754147826327 -1.38777878078e-017
-0.752140881847 0.654959116241 0.0728894825691
0.0549695886093 -0.0478665985364 0.997340984306
-53.2119238099
0 0 0

00000025.jpg
D:\Users\Ysbrand\Documents\Studie Uva\2015-2016\Computer Vision 2\proj\a2\House\jpg\frame00000028.jpg
5407.25585938
256 240
0.225575179104 0.775784104914 14.7119931979
-0.117408191389 0.00551682184406 -14.7336838201
-0.0596697976658 -0.0150201223355 -0.838318757859
0.912971827525 -0.0289642781983 -0.00729090794536 -0.406927770352
0.668712413152 0.743449485002 0.0102597791781
-0.742604875673 0.667141506385 0.0588211686702
0.0368853533829 -0.0469531113284 0.998216311878
-53.3228641711
0 0 0

00000026.jpg
D:\Users\Ysbrand\Documents\Studie Uva\2015-2016\Computer Vision 2\proj\a2\House\jpg\frame00000027.jpg
5364.43408203
256 240
0.243649769923 0.754300244812 14.5770013984
-0.241386091284 0.01142674441 -14.5965318346
-0.0633494374031 -0.0213358903416 -0.843620320473
0.911807309483 -0.0307379662146 -0.0103524498932 -0.409335488548
0.664674673476 0.747106624287 0.00628529749395
-0.745833737671 0.662999220271 0.0645297162916
0.0440430554287 -0.0475786928009 0.997896384763
-52.7550597144
0 0 0

00000027.jpg
D:\Users\Ysbrand\Documents\Studie Uva\2015-2016\Computer Vision 2\proj\a2\House\jpg\frame00000029.jpg
5856.77441406
256 240
0.20506651755 0.795601840903 16.2059402019
-0.0287561637882 0.0770622770894 -16.2265448338
-0.0566558828349 -0.00823075141815 -0.833390476774
0.914033710512 -0.027511442065 -0.0039967577851 -0.404684785976
0.6724292919 0.740011198751 0.0149604848864
-0.739570947302 0.670946906208 0.0535279549338
0.0295731702797 -0.0470575869552 0.998454297704
-62.7688850584
0 0 0

00000028.jpg
D:\Users\Ysbrand\Documents\Studie Uva\2015-2016\Computer Vision 2\proj\a2\House\jpg\frame00000030.jpg
5350.35253906
256 240
0.193764306293 0.808326035534 14.4971240988
0.0924117221206 -0.0127595875809 -14.5206322215
-0.0545405716593 -0.0048584503992 -0.828278922229
0.91509894221 -0.0264940682464 -0.00236008007492 -0.402351453696
0.676216088722 0.736508066782 0.0170004347352
-0.736257491915 0.674823041474 0.050388766682
0.0256392618556 -0.0465900086264 0.998585165939
-51.7603807608
0 0 0

00000029.jpg
D:\Users\Ysbrand\Documents\Studie Uva\2015-2016\Computer Vision 2\proj\a2\House\jpg\frame00000031.jpg
5434.01416016
256 240
0.171698487808 0.826760547063 14.7707280328
0.217763698975 0.0086739920685 -14.7932285708
-0.051996934105 0.00206891436673 -0.822806162085
0.916231712517 -0.0252683809336 0.00100540766946 -0.399850104548
0.68023805945 0.732659986206 0.022049597163
-0.732761397954 0.678962428813 0.0454992651591
0.0183648515999 -0.0471075025821 0.998721715821
-53.4730682741
0 0 0

00000030.jpg
D:\Users\Ysbrand\Documents\Studie Uva\2015-2016\Computer Vision 2\proj\a2\House\jpg\frame00000023.jpg
5322.27539063
256 240
0.309384493356 0.685349759352 14.4919855482
-0.659860011572 0.0101675599697 -14.4964679092
-0.0738187972086 -0.0427640076534 -0.86391315299
0.907266934551 -0.0357612777486 -0.0207168853079 -0.418519935071
0.64882449823 0.760900566963 -0.00765788922543
-0.757936627199 0.647124870177 0.0822311696433
0.0675250908815 -0.0475489297111 0.996583793709
-52.8564350507
0 0 0

00000031.jpg
D:\Users\Ysbrand\Documents\Studie Uva\2015-2016\Computer Vision 2\proj\a2\House\jpg\frame00000033.jpg
5479.20800781
256 240
0.139284766072 0.862387834379 14.8978059852
0.438623002305 -0.00843036491197 -14.9169402679
-0.0459288760515 0.0128708201994 -0.812514063626
0.918329702847 -0.0223357954455 0.00625924324532 -0.395135903204
0.687656378582 0.725450178073 0.0291474561046
-0.726009968222 0.686737144153 0.0360766824849
0.00615526014648 -0.0459698150925 0.998924249788
-53.9609835835
0 0 0

00000032.jpg
D:\Users\Ysbrand\Documents\Studie Uva\2015-2016\Computer Vision 2\proj\a2\House\jpg\frame00000034.jpg
5665.81347656
256 240
0.123602324288 0.880719200004 15.5073065268
0.550574334339 0.00284173797308 -15.523028022
-0.042697455341 0.0182121318211 -0.807518416645
0.919328484608 -0.0207715013381 0.00885985634202 -0.392842377559
0.691193053603 0.721934681043 0.0326100699009
-0.722670069561 0.69048639832 0.0312308776509
2.95966819296e-005 -0.0451524537419 0.998979998522
-57.38559347
0 0 0

00000033.jpg
D:\Users\Ysbrand\Documents\Studie Uva\2015-2016\Computer Vision 2\proj\a2\House\jpg\frame00000032.jpg
5555.82275391
256 240
0.156851397346 0.844317431252 15.1617583022
0.31803506784 0.0117012036105 -15.1827103328
-0.0488815915167 0.00708317078699 -0.818000092274
0.917222666225 -0.0237626176249 0.00344331421626 -0.397651197654
0.683723944802 0.729305807727 0.0252150858361
-0.729632959231 0.682617875358 0.0408527858806
0.0125819424517 -0.046329660097 0.998847857588
-55.7825175269
0 0 0

00000034.jpg
D:\Users\Ysbrand\Documents\Studie Uva\2015-2016\Computer Vision 2\proj\a2\House\jpg\frame00000035.jpg
5713.8203125
256 240
0.105741121404 0.895464583343 15.6595131035
0.659959003174 0.0109327253786 -15.6715649641
-0.0405149672428 0.0235626157652 -0.802459196461
0.920314111414 -0.0197164910128 0.0114666784546 -0.390514434835
0.694734197437 0.718340229014 0.0365050093963
-0.719243551347 0.694218972067 0.0273350512546
-0.00570677457507 -0.0452464083722 0.99895908517
-58.5029111285
0 0 0

00000035.jpg
D:\Users\Ysbrand\Documents\Studie Uva\2015-2016\Computer Vision 2\proj\a2\House\jpg\frame00000036.jpg
5672.921875
256 240
0.087683715554 0.91152434397 15.5145236564
0.774190898569 0.00164931782191 -15.522224209
-0.0380500277896 0.0291844986439 -0.797193979936
0.921326594918 -0.0185234260001 0.0142075297282 -0.388088118534
0.6983716541 0.71458561512 0.0405570274137
-0.715638003987 0.698088664463 0.0231046324199
-0.011802072533 -0.0451598675916 0.998910459447
-57.4549157658
0 0 0

00000036.jpg
D:\Users\Ysbrand\Documents\Studie Uva\2015-2016\Computer Vision 2\proj\a2\House\jpg\frame00000038.jpg
5974.74414063
256 240
0.0561935585468 0.948830611517 16.4970551428
1.03111454069 -0.00543274326545 -16.4922050594
-0.0309490958684 0.0397095485454 -0.786784628072
0.923305331763 -0.0150768822788 0.0193445453563 -0.383282899979
0.705440036262 0.707191289456 0.047279369011
-0.70835729104 0.705733552172 0.0130121496032
-0.0241643184608 -0.0426701135742 0.998797354214
-63.2772952047
0 0 0

00000037.jpg
D:\Users\Ysbrand\Documents\Studie Uva\2015-2016\Computer Vision 2\proj\a2\House\jpg\frame00000037.jpg
5806.89941406
256 240
0.0709684298394 0.93058129758 15.9454683562
0.905595377814 -4.4408920985e-016 -15.9470583199
-0.0345312420118 0.0348779486907 -0.792146707271
0.922289574643 -0.0168160204894 0.0169848596703 -0.385759517585
0.701801620471 0.710993009799 0.0443038909941
-0.712134915754 0.701812710443 0.0179139753403
-0.0183559450087 -0.0441229861973 0.998857907066
-59.8700105195
0 0 0

00000038.jpg
D:\Users\Ysbrand\Documents\Studie Uva\2015-2016\Computer Vision 2\proj\a2\House\jpg\frame00000039.jpg
5966.71289063
256 240
0.0364313123894 0.964113819855 16.4547801504
1.15594446726 -0.00541534330962 -16.4424519208
-0.028678309221 0.0457138335311 -0.78149289456
0.92427024223 -0.013975326528 0.0222769670806 -0.380832018255
0.708941345447 0.703360587437 0.0518243388107
-0.704606219609 0.709543413969 0.00886642322088
-0.0305354122282 -0.0428014905203 0.998617163269
-62.7325140375
0 0 0

00000039.jpg
D:\Users\Ysbrand\Documents\Studie Uva\2015-2016\Computer Vision 2\proj\a2\House\jpg\frame00000040.jpg
6282.55371094
256 240
0.0219424952636 0.98178500077 17.4859631709
1.30652142697 0.00654246135624 -17.4647167542
-0.0251360799681 0.0504785221196 -0.776360367091
0.925211867261 -0.0122531359566 0.0246068677059 -0.378453965032
0.712334324652 0.699697083726 0.0548076621103
-0.700903314911 0.713245086625 0.00404851570268
-0.0362586019602 -0.0412984714902 0.998488586006
-69.2988239668
0 0 0

00000040.jpg
D:\Users\Ysbrand\Documents\Studie Uva\2015-2016\Computer Vision 2\proj\a2\House\jpg\frame00000041.jpg
6693.42724609
256 240
0.00707501650756 1.00376232662 18.8419203842
1.50302058923 0.00727254595707 -18.8086818332
-0.0203631425732 0.0557677671518 -0.771132881294
0.926155741978 -0.00992969845683 0.0271940889986 -0.376028255651
0.715726307747 0.695981618802 0.0578396700663
-0.697061293666 0.717007869153 -0.00205865979257
-0.0429041766293 -0.0388444487602 0.998323656693
-78.6842240413
0 0 0

00000041.jpg
D:\Users\Ysbrand\Documents\Studie Uva\2015-2016\Computer Vision 2\proj\a2\House\jpg\frame00000042.jpg
6267.34326172
256 240
-0.0162336125118 1.00868377572 17.4266340679
1.54538305722 0.0112862888828 -17.3872620413
-0.0213130045028 0.0615256871245 -0.766155710668
0.927001582571 -0.010395915303 0.0300105896483 -0.373710326763
0.718880031327 0.692236255963 0.0634098792447
-0.693484001365 0.720465015021 -0.00315652194266
-0.0478695771469 -0.0417046416954 0.997982690007
-69.0495094984
0 0 0

00000042.jpg
D:\Users\Ysbrand\Documents\Studie Uva\2015-2016\Computer Vision 2\proj\a2\House\jpg\frame00000043.jpg
6642.32324219
256 240
-0.0285237549184 1.02922493743 18.6579404463
1.73170647453 -4.4408920985e-016 -18.6059066358
-0.0165950605283 0.0659142778475 -0.76070417374
0.927970376211 -0.00809733416247 0.0321619757215 -0.371175259231
0.722389106398 0.688358609882 0.0657018312348
-0.689399969913 0.724326460908 -0.00884737611706
-0.0536796116052 -0.0389037210333 0.997800509199
-77.0098700998
0 0 0

00000043.jpg
D:\Users\Ysbrand\Documents\Studie Uva\2015-2016\Computer Vision 2\proj\a2\House\jpg\frame00000045.jpg
5525.32568359
256 240
-0.0766833159339 1.052122653 14.9383650214
1.76845399792 -0.0958474545882 -14.8704680415
-0.0146482745229 0.0791781937678 -0.750238532644
0.929672464036 -0.00715162231058 0.0386566032863 -0.366283593328
0.728683950312 0.680494465053 0.0771150621267
-0.681600617928 0.731570195701 -0.0150214388173
-0.0666368563869 -0.0416161041586 0.99690941553
-53.4783707358
0 0 0

00000044.jpg
D:\Users\Ysbrand\Documents\Studie Uva\2015-2016\Computer Vision 2\proj\a2\House\jpg\frame00000046.jpg
5623.58447266
256 240
-0.0949548596089 1.06488531487 15.2629849192
1.89446975486 -0.0851286265048 -15.1824027982
-0.0126086859404 0.0844604993034 -0.745366009751
0.930463345888 -0.00615752645561 0.0412467850634 -0.364003905392
0.731599803593 0.67687663078 0.0812399248963
-0.677892536127 0.734926595964 -0.018569187454
-0.0722745616524 -0.0414865981271 0.996521752605
-55.6714782479
0 0 0

00000045.jpg
D:\Users\Ysbrand\Documents\Studie Uva\2015-2016\Computer Vision 2\proj\a2\House\jpg\frame00000044.jpg
5632.81445313
256 240
-0.0610447844096 1.03870417241 15.310629612
1.69844671507 -0.0637980185464 -15.2515314319
-0.0171850198357 0.0746817631754 -0.755845499533
0.928716478134 -0.00838735470358 0.0364493287543 -0.368899446512
0.72516938844 0.68459455958 0.0738903506103
-0.68581741942 0.727685584799 -0.011313294665
-0.061514018314 -0.0424711927497 0.997202213792
-55.9267125065
0 0 0

00000046.jpg
D:\Users\Ysbrand\Documents\Studie Uva\2015-2016\Computer Vision 2\proj\a2\House\jpg\frame00000047.jpg
5649.56689453
256 240
-0.116469301756 1.07970236413 15.3498957295
2.02373298712 -0.0839385011359 -15.2543791271
-0.0102658385917 0.090664904416 -0.740197299627
0.931274773839 -0.00501478453051 0.0442891202763 -0.361580784125
0.734595921678 0.673018164194 0.0861172093769
-0.673906087648 0.738468245329 -0.0226878806689
-0.0788641524983 -0.0413684499869 0.99602665055
-56.6507531716
0 0 0

00000047.jpg
D:\Users\Ysbrand\Documents\Studie Uva\2015-2016\Computer Vision 2\proj\a2\House\jpg\frame00000048.jpg
5778.89697266
256 240
-0.133220426821 1.0957663022 15.7771711704
2.16929064953 -0.0919201237439 -15.6659837177
-0.00707672427276 0.0957592942013 -0.7350208175
0.932098332544 -0.00345790671829 0.0467909577927 -0.359153942552
0.737638321499 0.669210120334 0.0897114177439
-0.669857043585 0.741993047496 -0.0271641040472
-0.084743677203 -0.0400565403921 0.995597837132
-59.4427707038
0 0 0

00000048.jpg
D:\Users\Ysbrand\Documents\Studie Uva\2015-2016\Computer Vision 2\proj\a2\House\jpg\frame00000049.jpg
7181.93994141
256 240
-0.139318487533 1.12156993142 20.3921814602
2.69066577235 -0.0442723256032 -20.2454085615
0.00020672755454 0.0989098494787 -0.729606205776
0.932998369048 0.000101044783811 0.0483453905293 -0.356618649576
0.740971992391 0.665459176223 0.0901403426753
-0.665439297482 0.745646170044 -0.0346703944149
-0.0902843393839 -0.0342932959409 0.995325664147
-91.182282723
0 0 0

